  File: `/storage/emulated' -> `/data/media'
  Size: 0	 Blocks: 0	 IO Blocks: 4096	symbolic link
Device: 0h/0d	 Inode: 19	 Links: 1
Access: (755/lrwxr-xr-x)	Uid: (0/    root)	Gid: (0/    root)
Access: 2020-07-11 11:24:05.000000000
Modify: 2020-07-11 11:24:05.000000000
Change: 2020-07-11 11:24:05.000000000
